[Variables]
ercf_calib_0 = 1.0
ercf_calib_1 = 0.99408500095
ercf_calib_10 = 1.0
ercf_calib_11 = 1.0
ercf_calib_2 = 1.00013726884
ercf_calib_3 = 0.979270023291
ercf_calib_4 = 0.987363163979
ercf_calib_5 = 1.0
ercf_calib_6 = 1.0
ercf_calib_7 = 1.0
ercf_calib_8 = 1.0
ercf_calib_9 = 1.0
ercf_calib_ref = 1025.2017375
gcode_offsets = {'y': None, 'x': None, 'z': '0'}

