[Variables]
ercf_calib_0 = 1.0
ercf_calib_1 = 1.00118159452
ercf_calib_10 = 1.0
ercf_calib_11 = 1.0
ercf_calib_2 = 0.99961480016
ercf_calib_3 = 0.993396356613
ercf_calib_4 = 0.994943702963
ercf_calib_5 = 0.994943702963
ercf_calib_6 = 0.998052902035
ercf_calib_7 = 0.989548965612
ercf_calib_8 = 0.98421241495
ercf_calib_9 = 1.0
ercf_calib_ref = 1060.3380195
gcode_offsets = {'y': None, 'x': None, 'z': '0'}

