[Variables]
ercf_calib_0 = 1.0
ercf_calib_1 = 0.991834242457
ercf_calib_10 = 1.0
ercf_calib_11 = 1.0
ercf_calib_2 = 0.99634599792
ercf_calib_3 = 0.977085777885
ercf_calib_4 = 0.975635019492
ercf_calib_5 = 1.0
ercf_calib_6 = 1.0
ercf_calib_7 = 1.0
ercf_calib_8 = 1.0
ercf_calib_9 = 1.0
ercf_calib_ref = 1021.77755
gcode_offsets = {'y': None, 'x': None, 'z': '0'}

